Sample	Plate	Well	WellType	Time	Experiment	Unmapped	Uniquely_mapped	Multimapped	Unpaired_total	Mapping_rate	Total_reads	Uniquely_mapped_rate	Assigned	Assigned_rate_total	Assigned_rate_uniqmap	perc_protein_coding	nr_protein_coding	perc_lncRNA	nr_lncRNA	perc_rRNA	nr_rRNA	perc_mitochondrial	nr_mitochondrial	assigned_reads	ngenes	coverage_ngenes_th
230_A1_EMPTY_DAY0	230	A1	EMPTY	DAY0	experiment_1	19096	64576	50620	134292	85.78	134292	48.09	74065	55.15	114.69	87.36	64701	1.6	1184	6.95	5151	23.06	17080	74065	6647	1
230_A10_DAY2	230	A10	SC	DAY2	experiment_1	125756	152760	81516	360032	65.07	360032	42.43	135882	37.74	88.95	72.08	97948	0.98	1336	18.7	25412	38.13	51814	135882	3128	1
230_A11_DAY2	230	A11	SC	DAY2	experiment_1	46787	198904	178357	424048	88.97	424048	46.91	256198	60.42	128.8	70.58	180814	0.79	2016	24.05	61620	50.77	130067	256198	4753	1
230_A12_DAY2	230	A12	SC	DAY2	experiment_1	7074	34971	28375	70420	89.95	70420	49.66	39326	55.84	112.45	88.14	34661	1.13	445	5.54	2177	26.12	10273	39326	4724	1
230_A2_EMPTY_DAY0	230	A2	EMPTY	DAY0	experiment_1	31568	159127	119382	310077	89.82	310077	51.32	195517	63.05	122.87	84.63	165463	1.52	2973	10.07	19682	31.42	61424	195517	8318	1
230_A3_DAY0	230	A3	SC	DAY0	experiment_1	16297	211858	145781	373936	95.64	373936	56.66	251434	67.24	118.68	85.32	214518	1.78	4484	9.52	23926	29.59	74404	251434	8317	1
230_A4_DAY0	230	A4	SC	DAY0	experiment_1	4906	65475	45522	115903	95.77	115903	56.49	69959	60.36	106.85	84.88	59383	2.43	1701	9.16	6411	26.39	18464	69959	5371	1
230_A5_DAY0	230	A5	SC	DAY0	experiment_1	30074	366388	89130	485592	93.81	485592	75.45	342932	70.62	93.6	76.2	261305	0.6	2056	16.99	58259	84.9	291161	342932	2390	1
230_A6_DAY0	230	A6	SC	DAY0	experiment_1	25088	226911	182824	434823	94.23	434823	52.18	299022	68.77	131.78	56.63	169345	6.95	20785	32.97	98601	50.69	151575	299022	4455	1
230_A7_DAY2	230	A7	SC	DAY2	experiment_1	108630	213566	67967	390163	72.16	390163	54.74	167524	42.94	78.44	72.96	122219	0.6	1012	16.1	26970	68.82	115294	167524	1592	1
230_A8_DAY2	230	A8	SC	DAY2	experiment_1	17080	217112	178294	412486	95.86	412486	52.63	297310	72.08	136.94	62.93	187092	0.84	2491	32.88	97760	57.1	169770	297310	5519	1
230_A9_DAY2	230	A9	SC	DAY2	experiment_1	20589	143730	106368	270687	92.39	270687	53.1	170971	63.16	118.95	85.04	145395	1.19	2036	9.55	16331	37.55	64193	170971	6160	1
230_B1_DAY0	230	B1	SC	DAY0	experiment_1	38923	148610	136713	324246	88	324246	45.83	190411	58.72	128.13	67.89	129266	1.14	2175	26.48	50413	48.22	91807	190411	4325	1
230_B10_DAY2	230	B10	SC	DAY2	experiment_1	19361	236319	150510	406190	95.23	406190	58.18	280628	69.09	118.75	83.87	235361	1.43	4009	11.78	33067	33.24	93275	280628	6980	1
230_B11_DAY2	230	B11	SC	DAY2	experiment_1	59091	285805	225444	570340	89.64	570340	50.11	343065	60.15	120.03	80.72	276912	2.06	7071	12.48	42813	34.1	116970	343065	4447	1
230_B12_DAY2	230	B12	SC	DAY2	experiment_1	26483	193480	141856	361819	92.68	361819	53.47	232192	64.17	120.01	86.74	201398	1	2332	8.29	19238	32.87	76311	232192	7265	1
230_B2_DAY0	230	B2	SC	DAY0	experiment_1	32218	204602	161205	398025	91.91	398025	51.4	277185	69.64	135.48	59.04	163648	2.38	6602	35.64	98797	63.34	175570	277185	4293	1
230_B3_DAY0	230	B3	SC	DAY0	experiment_1	15748	196673	135839	348260	95.48	348260	56.47	210772	60.52	107.17	77.01	162314	3.12	6569	16.84	35488	25.24	53197	210772	3347	1
230_B4_DAY0	230	B4	SC	DAY0	experiment_1	2831	110717	51641	165189	98.29	165189	67.02	111785	67.67	100.96	85.53	95615	2.35	2632	10.06	11247	22.25	24875	111785	5870	1
230_B5_DAY0	230	B5	SC	DAY0	experiment_1	31775	233479	118040	383294	91.71	383294	60.91	196275	51.21	84.07	69.48	136366	2.35	4604	24.25	47606	39.99	78496	196275	6472	1
230_B6_DAY0	230	B6	SC	DAY0	experiment_1	7662	174958	97921	280541	97.27	280541	62.36	192951	68.78	110.28	87.55	168919	3.21	6197	6.9	13315	14.4	27788	192951	6061	1
230_B7_DAY2	230	B7	SC	DAY2	experiment_1	16482	273829	228728	519039	96.82	519039	52.76	372208	71.71	135.93	61.92	230483	1.18	4406	33.74	125582	58.63	218223	372208	5135	1
230_B8_DAY2	230	B8	SC	DAY2	experiment_1	9181	179369	142996	331546	97.23	331546	54.1	259878	78.38	144.88	61.47	159748	1.03	2670	34.61	89950	58.03	150807	259878	5130	1
230_B9_DAY2	230	B9	SC	DAY2	experiment_1	10804	217075	130933	358812	96.99	358812	60.5	238388	66.44	109.82	85.08	202830	1.25	2990	10.56	25178	23.95	57091	238388	6640	1
230_C1_DAY0	230	C1	SC	DAY0	experiment_1	14690	107709	86414	208813	92.96	208813	51.58	129875	62.2	120.58	87.51	113659	1.77	2293	7.16	9299	25.7	33374	129875	5724	1
230_C10_DAY2	230	C10	SC	DAY2	experiment_1	24039	336633	283120	643792	96.27	643792	52.29	423780	65.83	125.89	62.72	265807	0.62	2637	33.79	143205	62.98	266913	423780	5255	1
230_C11_DAY2	230	C11	SC	DAY2	experiment_1	18290	225353	138045	381688	95.21	381688	59.04	262196	68.69	116.35	87.48	229382	1.34	3518	8.26	21669	26.32	69006	262196	7090	1
230_C12_DAY2	230	C12	SC	DAY2	experiment_1	27678	208771	154467	390916	92.92	390916	53.41	257163	65.78	123.18	88.59	227814	0.89	2286	6.64	17084	29.82	76696	257163	7811	1
230_C2_DAY0	230	C2	SC	DAY0	experiment_1	6298	76770	47801	130869	95.19	130869	58.66	87587	66.93	114.09	86.29	75583	1.93	1687	9.06	7932	28.88	25291	87587	5379	1
230_C3_DAY0	230	C3	SC	DAY0	experiment_1	3647	127227	75878	206752	98.24	206752	61.54	140273	67.85	110.25	70.7	99170	3.98	5589	22.02	30893	34.52	48418	140273	4355	1
230_C4_DAY0	230	C4	SC	DAY0	experiment_1	8346	187298	140984	336628	97.52	336628	55.64	245957	73.06	131.32	39.25	96537	2.97	7303	55.93	137560	68.7	168972	245957	4190	1
230_C5_DAY0	230	C5	SC	DAY0	experiment_1	2207	42082	29312	73601	97	73601	57.18	42763	58.1	101.62	57.57	24617	4.56	1951	33.48	14315	46.83	20026	42763	3697	1
230_C6_DAY0	230	C6	SC	DAY0	experiment_1	4908	156562	68470	229940	97.87	229940	68.09	156443	68.04	99.92	84.47	132148	2.25	3517	11.49	17982	25.48	39862	156443	5052	1
230_C7_DAY2	230	C7	SC	DAY2	experiment_1	2236	87473	52530	142239	98.43	142239	61.5	105993	74.52	121.17	70.41	74634	2.23	2362	24.3	25757	46.24	49012	105993	4217	1
230_C8_DAY2	230	C8	SC	DAY2	experiment_1	1524	70049	37508	109081	98.6	109081	64.22	82237	75.39	117.4	76.11	62591	1.9	1559	19.49	16029	38.16	31378	82237	4442	1
230_C9_DAY2	230	C9	SC	DAY2	experiment_1	12979	272924	224432	510335	97.46	510335	53.48	409975	80.33	150.22	50.65	207639	0.7	2876	46.66	191310	66.85	274077	409975	5211	1
230_D1_DAY0	230	D1	SC	DAY0	experiment_1	11938	107650	76129	195717	93.9	195717	55	120783	61.71	112.2	83.7	101091	1.79	2167	10.74	12974	25.08	30293	120783	5758	1
230_D10_DAY2	230	D10	SC	DAY2	experiment_1	12240	240457	198712	451409	97.29	451409	53.27	323742	71.72	134.64	49.8	161224	1.03	3347	46.45	150370	65.75	212866	323742	5035	1
230_D11_DAY2	230	D11	SC	DAY2	experiment_1	3762	145633	100923	250318	98.5	250318	58.18	167888	67.07	115.28	72.5	121714	2.03	3402	22.37	37554	41.41	69520	167888	5182	1
230_D12_DAY2	230	D12	SC	DAY2	experiment_1	39192	264748	218634	522574	92.5	522574	50.66	355745	68.08	134.37	60.41	214922	0.96	3416	35.83	127451	61.33	218166	355745	4828	1
230_D2_DAY0	230	D2	SC	DAY0	experiment_1	3457	104040	52872	160369	97.84	160369	64.88	115198	71.83	110.72	85.94	99000	1.83	2109	10.02	11540	23.73	27331	115198	4734	1
230_D3_DAY0	230	D3	SC	DAY0	experiment_1	6579	96244	41802	144625	95.45	144625	66.55	75736	52.37	78.69	65.36	49499	25.53	19335	5.97	4521	8.18	6192	75736	2440	1
230_D4_DAY0	230	D4	SC	DAY0	experiment_1	2027	55672	30220	87919	97.69	87919	63.32	53487	60.84	96.08	80.64	43132	3.8	2032	12.18	6515	22.54	12055	53487	4266	1
230_D5_DAY0	230	D5	SC	DAY0	experiment_1	2050	46705	23398	72153	97.16	72153	64.73	43421	60.18	92.97	88.06	38236	3.28	1424	6.22	2702	11.12	4828	43421	4240	1
230_D6_DAY0	230	D6	SC	DAY0	experiment_1	2898	91949	49633	144480	97.99	144480	63.64	103663	71.75	112.74	84.87	87974	2.53	2623	10.34	10723	20.07	20807	103663	5334	1
230_D7_DAY2	230	D7	SC	DAY2	experiment_1	918	17967	10618	29503	96.89	29503	60.9	19489	66.06	108.47	82.43	16064	1.65	322	12.39	2414	31.29	6099	19489	3197	1
230_D8_DAY2	230	D8	SC	DAY2	experiment_1	359	3804	2545	6708	94.65	6708	56.71	3458	51.55	90.9	89.07	3080	1.85	64	5.09	176	15.47	535	3458	1625	1
230_D9_DAY2	230	D9	SC	DAY2	experiment_1	9089	252891	198914	460894	98.03	460894	54.87	318361	69.07	125.89	59.42	189175	0.99	3138	37.05	117960	59.51	189464	318361	5889	1
230_E1_DAY0	230	E1	SC	DAY0	experiment_1	15428	126456	91969	233853	93.4	233853	54.07	146650	62.71	115.97	83.08	121831	1.71	2509	11.84	17367	35.67	52303	146650	6414	1
230_E10_DAY2	230	E10	SC	DAY2	experiment_1	16316	290081	250625	557022	97.07	557022	52.08	406577	72.99	140.16	52.21	212291	1.15	4679	44.47	180797	68.23	277403	406577	5280	1
230_E11_DAY2	230	E11	SC	DAY2	experiment_1	18817	309532	262426	590775	96.81	590775	52.39	415912	70.4	134.37	55.83	232194	1.05	4368	40.43	168166	61.98	257762	415912	4837	1
230_E12_DAY2	230	E12	SC	DAY2	experiment_1	23889	167495	121217	312601	92.36	312601	53.58	199880	63.94	119.33	88.59	177069	1.11	2216	6.41	12810	30.46	60876	199880	6973	1
230_E2_DAY0	230	E2	SC	DAY0	experiment_1	11265	166139	147490	324894	96.53	324894	51.14	242079	74.51	145.71	50.68	122677	1.42	3446	45.45	110030	63.73	154271	242079	4174	1
230_E3_DAY0	230	E3	SC	DAY0	experiment_1	16677	197068	169300	383045	95.65	383045	51.45	251243	65.59	127.49	50.12	125935	1.52	3826	45.3	113817	61.44	154352	251243	4148	1
230_E4_DAY0	230	E4	SC	DAY0	experiment_1	1491	50128	25448	77067	98.07	77067	65.04	48664	63.15	97.08	84.4	41073	2.69	1310	10.33	5027	21.96	10685	48664	4171	1
230_E5_DAY0	230	E5	SC	DAY0	experiment_1	9849	174828	51469	236146	95.83	236146	74.03	70619	29.9	40.39	69.37	48986	19.51	13781	9.19	6493	14.25	10066	70619	2131	1
230_E6_DAY0	230	E6	SC	DAY0	experiment_1	5333	179542	134581	319456	98.33	319456	56.2	243398	76.19	135.57	58.15	141537	2.44	5951	37.05	90187	53.33	129804	243398	4980	1
230_E7_DAY2	230	E7	SC	DAY2	experiment_1	3210	99109	52138	154457	97.92	154457	64.17	112710	72.97	113.72	82.68	93184	1.6	1803	13.82	15577	28.37	31979	112710	5100	1
230_E8_DAY2	230	E8	SC	DAY2	experiment_1	1777	51148	32421	85346	97.92	85346	59.93	58988	69.12	115.33	66.47	39207	2.23	1313	27.7	16341	46.46	27404	58988	3486	1
230_E9_DAY2	230	E9	SC	DAY2	experiment_1	2370	85258	42822	130450	98.18	130450	65.36	91100	69.84	106.85	80.36	73205	1.81	1653	15.52	14143	29.69	27046	91100	4867	1
230_F1_DAY0	230	F1	SC	DAY0	experiment_1	10725	83781	62377	156883	93.16	156883	53.4	98467	62.76	117.53	82.47	81208	1.55	1528	11.37	11197	35.54	34991	98467	5080	1
230_F10_DAY2	230	F10	SC	DAY2	experiment_1	17113	292111	248721	557945	96.93	557945	52.35	360781	64.66	123.51	53.37	192540	1.04	3768	43.47	156843	64.98	234437	360781	4957	1
230_F11_DAY2	230	F11	SC	DAY2	experiment_1	29754	299100	249215	578069	94.85	578069	51.74	445392	77.05	148.91	57.06	254127	0.71	3166	39.78	177166	68.24	303931	445392	5083	1
230_F12_DAY2	230	F12	SC	DAY2	experiment_1	66752	294090	293676	654518	89.8	654518	44.93	413565	63.19	140.63	81.62	337553	0.85	3500	11.57	47861	34.14	141205	413565	5903	1
230_F2_DAY0	230	F2	SC	DAY0	experiment_1	4165	130764	75346	210275	98.02	210275	62.19	146038	69.45	111.68	76.43	111622	4.1	5989	16.63	24293	35.27	51513	146038	4728	1
230_F3_DAY0	230	F3	SC	DAY0	experiment_1	5119	109378	61175	175672	97.09	175672	62.26	125009	71.16	114.29	83.19	104000	2.05	2567	12.5	15621	26.18	32733	125009	5909	1
230_F4_DAY0	230	F4	SC	DAY0	experiment_1	3665	110452	72083	186200	98.03	186200	59.32	119889	64.39	108.54	72.59	87033	3.68	4411	20.38	24437	25.8	30926	119889	4722	1
230_F5_DAY0	230	F5	SC	DAY0	experiment_1	1176	43799	22166	67141	98.25	67141	65.23	42905	63.9	97.96	78.76	33793	6.39	2742	11.94	5125	24.93	10696	42905	3937	1
230_F6_DAY0	230	F6	SC	DAY0	experiment_1	9239	183222	94013	286474	96.77	286474	63.96	181942	63.51	99.3	82.05	149283	1.99	3619	14	25463	32.74	59566	181942	6669	1
230_F7_DAY2	230	F7	SC	DAY2	experiment_1	9081	202033	174863	385977	97.65	385977	52.34	274096	71.01	135.67	56.9	155952	1.07	2928	39.74	108931	64.93	177976	274096	5015	1
230_F8_DAY2	230	F8	SC	DAY2	experiment_1	12215	86526	48472	147213	91.7	147213	58.78	41318	28.07	47.75	52.13	21538	10.21	4219	35.72	14757	38.28	15816	41318	1866	1
230_F9_DAY2	230	F9	SC	DAY2	experiment_1	2354	80430	40005	122789	98.08	122789	65.5	77381	63.02	96.21	85.31	66015	2.35	1815	9.72	7521	22.88	17706	77381	5136	1
230_G1_DAY0	230	G1	SC	DAY0	experiment_1	12794	121383	91691	225868	94.34	225868	53.74	133344	59.04	109.85	84.52	112701	1.84	2458	7.8	10402	26.2	34936	133344	5632	1
230_G10_DAY2	230	G10	SC	DAY2	experiment_1	27359	275411	225123	527893	94.82	527893	52.17	368302	69.77	133.73	55.83	205637	0.96	3523	40.3	148435	60.28	222018	368302	5113	1
230_G11_DAY2	230	G11	SC	DAY2	experiment_1	29136	252741	213641	495518	94.12	495518	51.01	373302	75.34	147.7	51.49	192229	0.8	2991	44.62	166556	67.96	253713	373302	4816	1
230_G12_DAY2	230	G12	SC	DAY2	experiment_1	200028	361926	112739	674693	70.35	674693	53.64	245615	36.4	67.86	74.02	181808	0.66	1629	9.56	23471	61.05	149939	245615	1950	1
230_G2_DAY0	230	G2	SC	DAY0	experiment_1	17255	187700	131603	336558	94.87	336558	55.77	197770	58.76	105.36	77.38	153044	8.49	16782	9.67	19128	23.73	46925	197770	4411	1
230_G3_DAY0	230	G3	SC	DAY0	experiment_1	5780	107849	62886	176515	96.73	176515	61.1	120684	68.37	111.9	82.32	99342	1.98	2388	13.2	15928	27.4	33070	120684	5300	1
230_G4_DAY0	230	G4	SC	DAY0	experiment_1	11686	109271	86936	207893	94.38	207893	52.56	121324	58.36	111.03	72.85	88384	3.34	4048	18.81	22827	25.44	30859	121324	4536	1
230_G5_DAY0	230	G5	SC	DAY0	experiment_1	1187	24911	14262	40360	97.06	40360	61.72	24347	60.32	97.74	86.24	20996	2.53	615	8.67	2111	16.77	4082	24347	4156	1
230_G6_DAY0	230	G6	SC	DAY0	experiment_1	13036	160492	127690	301218	95.67	301218	53.28	190936	63.39	118.97	47.77	91203	2.16	4131	47.04	89820	58.13	110992	190936	3899	1
230_G7_DAY2	230	G7	SC	DAY2	experiment_1	4947	95495	54497	154939	96.81	154939	61.63	107087	69.12	112.14	77.79	83308	1.29	1380	18.4	19699	35.1	37586	107087	5462	1
230_G8_DAY2	230	G8	SC	DAY2	experiment_1	4967	62820	45364	113151	95.61	113151	55.52	78848	69.68	125.51	63.32	49926	0.96	753	32.06	25278	55.64	43872	78848	3663	1
230_G9_DAY2	230	G9	SC	DAY2	experiment_1	28691	298459	207032	534182	94.63	534182	55.87	357564	66.94	119.8	74.53	266485	1.53	5476	20.13	71965	40.23	143857	357564	4528	1
230_H1_DAY0	230	H1	SC	DAY0	experiment_1	9175	30711	24282	64168	85.7	64168	47.86	36631	57.09	119.28	82.61	30262	1.58	579	9.59	3514	26.79	9814	36631	4020	1
230_H10_MINIBULK_DAY2	230	H10	MINIBULK	DAY2	experiment_1	111530	292361	77191	481082	76.82	481082	60.77	160723	33.41	54.97	75.4	121190	1.27	2043	12.42	19965	59.53	95676	160723	4506	1
230_H11_MINIBULK_DAY2	230	H11	MINIBULK	DAY2	experiment_1	31976	215995	165508	413479	92.27	413479	52.24	221533	53.58	102.56	81.51	180579	1.08	2388	9.81	21734	28.67	63523	221533	5604	1
230_H12_MINIBULK_DAY2	230	H12	MINIBULK	DAY2	experiment_1	38	65	22	125	69.6	125	52	12	9.6	18.46	75	9	0	0	0	0	0	0	12	11	1
230_H2_DAY0	230	H2	SC	DAY0	experiment_1	79976	195620	87760	363356	77.99	363356	53.84	86683	23.86	44.31	79.4	68824	3.06	2651	9.03	7826	20.47	17740	86683	9367	1
230_H3_DAY0	230	H3	SC	DAY0	experiment_1	58223	219088	195041	472352	87.67	472352	46.38	273814	57.97	124.98	60.87	166669	1.46	3990	33.29	91157	47.19	129218	273814	5785	1
230_H4_DAY0	230	H4	SC	DAY0	experiment_1	44466	180109	155047	379622	88.29	379622	47.44	225641	59.44	125.28	82.81	186859	1.68	3792	10.5	23697	31.69	71512	225641	5217	1
230_H5_DAY0	230	H5	SC	DAY0	experiment_1	37064	309021	80935	427020	91.32	427020	72.37	240934	56.42	77.97	77.23	186070	0.65	1563	10.71	25805	70.19	169104	240934	5210	1
230_H6_DAY0	230	H6	SC	DAY0	experiment_1	30525	271177	137101	438803	93.04	438803	61.8	267863	61.04	98.78	61.25	164076	1.03	2767	31.25	83706	68.43	183298	267863	5560	1
230_H7_DAY2	230	H7	SC	DAY2	experiment_1	16009	284911	201486	502406	96.81	502406	56.71	352748	70.21	123.81	80.34	283415	1.54	5442	13.78	48599	37.54	132425	352748	4898	1
230_H8_DAY2	230	H8	SC	DAY2	experiment_1	33572	336109	243721	613402	94.53	613402	54.79	401507	65.46	119.46	71.49	287026	1.53	6133	22.78	91459	48.69	195507	401507	4888	1
230_H9_DAY2	230	H9	SC	DAY2	experiment_1	118449	267437	204406	590292	79.93	590292	45.31	314149	53.22	117.47	74.98	235552	1.63	5126	17.89	56190	37.46	117674	314149	4209	1
232_A1_EMPTY_DAY4	232	A1	EMPTY	DAY4	experiment_1	301237	46866	11914	360017	16.33	360017	13.02	1350	0.37	2.88	64.59	872	13.41	181	3.19	43	5.11	69	1350	424	1
232_A10_DAY4	232	A10	SC	DAY4	experiment_1	22399	516893	311901	851193	97.37	851193	60.73	616789	72.46	119.33	71.53	441220	1.3	7992	25.33	156232	45.89	283030	616789	8330	1
232_A11_DAY4	232	A11	SC	DAY4	experiment_1	31873	593733	350430	976036	96.73	976036	60.83	690632	70.76	116.32	74.38	513694	2.64	18251	20.92	144450	39.01	269389	690632	7700	1
232_A12_DAY4	232	A12	SC	DAY4	experiment_1	62497	627739	504746	1194982	94.77	1194982	52.53	807169	67.55	128.58	58.34	470917	1.91	15410	36.93	298106	55.17	445277	807169	8562	1
232_A2_EMPTY_DAY4	232	A2	EMPTY	DAY4	experiment_1	10856	22459	7332	40647	73.29	40647	55.25	880	2.16	3.92	68.75	605	19.32	170	0.34	3	0.68	6	880	190	1
232_A3_DAY4	232	A3	SC	DAY4	experiment_1	48200	396431	252842	697473	93.09	697473	56.84	391850	56.18	98.84	67.1	262914	2.13	8361	28.56	111919	46.54	182376	391850	7281	1
232_A4_DAY4	232	A4	SC	DAY4	experiment_1	19299	162430	127366	309095	93.76	309095	52.55	200331	64.81	123.33	60.91	122013	1.75	3505	34.84	69791	57.27	114735	200331	6649	1
232_A5_DAY4	232	A5	SC	DAY4	experiment_1	435	401	112	948	54.11	948	42.3	25	2.64	6.23	68	17	20	5	0	0	4	1	25	12	1
232_A6_DAY4	232	A6	SC	DAY4	experiment_1	50122	432677	177774	660573	92.41	660573	65.5	194783	29.49	45.02	62.68	122081	25.49	49643	9.8	19086	11.47	22345	194783	3620	1
232_A7_DAY4	232	A7	SC	DAY4	experiment_1	116123	7198	2096	125417	7.41	125417	5.74	426	0.34	5.92	52.58	224	15.73	67	0	0	0.47	2	426	170	1
232_A8_DAY4	232	A8	SC	DAY4	experiment_1	11328	203224	109501	324053	96.5	324053	62.71	198083	61.13	97.47	80.94	160335	3.25	6431	13.48	26698	22.22	44012	198083	7396	1
232_A9_DAY4	232	A9	SC	DAY4	experiment_1	25384	373345	285217	683946	96.29	683946	54.59	491829	71.91	131.74	55.36	272267	1.39	6827	41.15	202373	62.21	305983	491829	6462	1
232_B1_DAY4	232	B1	SC	DAY4	experiment_1	72462	382323	314323	769108	90.58	769108	49.71	516790	67.19	135.17	42.71	220738	0.85	4380	54.87	283558	76.16	393583	516790	5380	1
232_B10_DAY4	232	B10	SC	DAY4	experiment_1	35118	119964	61943	217025	83.82	217025	55.28	59443	27.39	49.55	86.86	51632	8.05	4784	0.5	300	0.75	447	59443	2234	1
232_B11_DAY4	232	B11	SC	DAY4	experiment_1	17057	402472	240874	660403	97.42	660403	60.94	508040	76.93	126.23	73.6	373941	2.5	12685	21.76	110548	40.21	204306	508040	8262	1
232_B12_DAY4	232	B12	SC	DAY4	experiment_1	30736	527590	368131	926457	96.68	926457	56.95	662251	71.48	125.52	54.31	359664	2.91	19295	40.85	270503	56.94	377069	662251	7547	1
232_B2_DAY4	232	B2	SC	DAY4	experiment_1	15502	288272	184935	488709	96.83	488709	58.99	349395	71.49	121.2	63.76	222785	2.59	9059	31.34	109512	47.16	164764	349395	6525	1
232_B3_DAY4	232	B3	SC	DAY4	experiment_1	13462	205086	100064	318612	95.77	318612	64.37	177578	55.73	86.59	21.93	38946	8.73	15503	68.64	121882	74.8	132834	177578	2822	1
232_B4_DAY4	232	B4	SC	DAY4	experiment_1	2169	25155	16282	43606	95.03	43606	57.69	23591	54.1	93.78	83.26	19642	3.43	808	10.56	2492	22.9	5403	23591	4540	1
232_B5_DAY4	232	B5	SC	DAY4	experiment_1	147	28	15	190	22.63	190	14.74	3	1.58	10.71	33.33	1	33.33	1	0	0	0	0	3	3	1
232_B6_DAY4	232	B6	SC	DAY4	experiment_1	16368	116260	73082	205710	92.04	205710	56.52	106066	51.56	91.23	17.8	18876	4.53	4810	76.96	81627	85.14	90302	106066	1897	1
232_B7_DAY4	232	B7	SC	DAY4	experiment_1	21198	152913	83721	257832	91.78	257832	59.31	57974	22.49	37.91	47.05	27275	19.75	11449	31.14	18052	34.55	20030	57974	3139	1
232_B8_DAY4	232	B8	SC	DAY4	experiment_1	9053	106782	64312	180147	94.97	180147	59.27	111093	61.67	104.04	73.17	81290	2.94	3262	20.65	22941	42.54	47261	111093	5540	1
232_B9_DAY4	232	B9	SC	DAY4	experiment_1	59723	33650	86773	180146	66.85	180146	18.68	14888	8.26	44.24	86.77	12918	5.04	751	0.56	84	1.12	167	14888	1405	1
232_C1_DAY4	232	C1	SC	DAY4	experiment_1	44493	97099	75948	217540	79.55	217540	44.64	111274	51.15	114.6	57.49	63974	1.76	1953	38.2	42512	64.44	71704	111274	3435	1
232_C10_DAY4	232	C10	SC	DAY4	experiment_1	9610	114777	83126	207513	95.37	207513	55.31	120650	58.14	105.12	81.44	98252	1.77	2131	13.61	16419	30.22	36466	120650	6658	1
232_C11_DAY4	232	C11	SC	DAY4	experiment_1	35337	136592	155005	326934	89.19	326934	41.78	165807	50.72	121.39	23.01	38148	0.21	355	76.14	126252	94.54	156757	165807	1188	1
232_C12_DAY4	232	C12	SC	DAY4	experiment_1	20872	43790	15408	80070	73.93	80070	54.69	1134	1.42	2.59	83.6	948	8.38	95	0.44	5	1.06	12	1134	270	1
232_C2_DAY4	232	C2	SC	DAY4	experiment_1	7229	178482	96074	281785	97.43	281785	63.34	183405	65.09	102.76	79.05	144988	1.34	2466	17.59	32264	36.74	67376	183405	7892	1
232_C3_DAY4	232	C3	SC	DAY4	experiment_1	4169	59471	37211	100851	95.87	100851	58.97	58076	57.59	97.65	80.09	46511	1.71	995	15.54	9023	30.12	17495	58076	6340	1
232_C4_DAY4	232	C4	SC	DAY4	experiment_1	6292	44633	34087	85012	92.6	85012	52.5	37232	43.8	83.42	79.09	29445	2.55	949	15.22	5668	31.66	11789	37232	5399	1
232_C5_DAY4	232	C5	SC	DAY4	experiment_1	72	21	9	102	29.41	102	20.59	3	2.94	14.29	100	3	0	0	0	0	33.33	1	3	3	1
232_C6_DAY4	232	C6	SC	DAY4	experiment_1	2944	29732	20141	52817	94.43	52817	56.29	27667	52.38	93.05	80.04	22146	3.62	1001	13.59	3761	29.07	8044	27667	4549	1
232_C7_DAY4	232	C7	SC	DAY4	experiment_1	3344	30592	20867	54803	93.9	54803	55.82	31493	57.47	102.95	86.52	27247	1.1	345	9.52	2998	24.54	7729	31493	5047	1
232_C8_DAY4	232	C8	SC	DAY4	experiment_1	980	5091	4139	10210	90.4	10210	49.86	3457	33.86	67.9	69.95	2418	5.12	177	20.91	723	45.96	1589	3457	1254	1
232_C9_DAY4	232	C9	SC	DAY4	experiment_1	4431	40684	28776	73891	94	73891	55.06	37204	50.35	91.45	83.56	31088	2	743	11.11	4135	26.3	9786	37204	5714	1
232_D1_DAY4	232	D1	SC	DAY4	experiment_1	19251	372832	163328	555411	96.53	555411	67.13	312704	56.3	83.87	79.64	249024	3.68	11522	14.85	46431	25.7	80358	312704	8100	1
232_D10_DAY4	232	D10	SC	DAY4	experiment_1	3594	33290	24836	61720	94.18	61720	53.94	33502	54.28	100.64	84.12	28181	1.75	586	10.58	3543	27.3	9146	33502	4939	1
232_D11_DAY4	232	D11	SC	DAY4	experiment_1	5272	61746	39562	106580	95.05	106580	57.93	59446	55.78	96.28	78.82	46856	2.61	1550	15.88	9439	35.15	20898	59446	6928	1
232_D12_DAY4	232	D12	SC	DAY4	experiment_1	5399	71493	45912	122804	95.6	122804	58.22	66352	54.03	92.81	69.73	46264	2.06	1369	25.52	16931	44.1	29258	66352	5655	1
232_D2_DAY4	232	D2	SC	DAY4	experiment_1	3008	37113	22170	62291	95.17	62291	59.58	33028	53.02	88.99	84.12	27782	1.84	607	11.34	3744	23.67	7818	33028	5349	1
232_D3_DAY4	232	D3	SC	DAY4	experiment_1	2494	36837	20983	60314	95.86	60314	61.08	34681	57.5	94.15	87.13	30218	1.98	688	8.23	2854	19.35	6712	34681	5346	1
232_D4_DAY4	232	D4	SC	DAY4	experiment_1	10036	26712	36656	73404	86.33	73404	36.39	20410	27.81	76.41	15.01	3064	2.1	428	81.95	16727	85.75	17502	20410	650	1
232_D5_DAY4	232	D5	SC	DAY4	experiment_1	88	13	5	106	16.98	106	12.26	3	2.83	23.08	66.67	2	0	0	33.33	1	33.33	1	3	3	1
232_D6_DAY4	232	D6	SC	DAY4	experiment_1	1674	13035	10369	25078	93.32	25078	51.98	12357	49.27	94.8	82.71	10221	1.72	213	11.82	1460	29.27	3617	12357	3228	1
232_D7_DAY4	232	D7	SC	DAY4	experiment_1	6324	28607	22183	57114	88.93	57114	50.09	12124	21.23	42.38	55.31	6706	10.9	1322	31.37	3803	38.12	4622	12124	2325	1
232_D8_DAY4	232	D8	SC	DAY4	experiment_1	2434	20221	15533	38188	93.63	38188	52.95	20010	52.4	98.96	84.98	17005	1.33	266	9.66	1933	24.61	4924	20010	4378	1
232_D9_DAY4	232	D9	SC	DAY4	experiment_1	13840	40440	54021	108301	87.22	108301	37.34	33016	30.49	81.64	51.76	17090	5.08	1676	40.61	13408	80.69	26640	33016	1601	1
232_E1_DAY4	232	E1	SC	DAY4	experiment_1	78597	351184	382140	811921	90.32	811921	43.25	455305	56.08	129.65	12.68	57720	0.17	768	86.83	395349	95	432535	455305	1245	1
232_E10_DAY4	232	E10	SC	DAY4	experiment_1	4297	56113	36250	96660	95.55	96660	58.05	56717	58.68	101.08	84.4	47870	3.08	1746	9.47	5369	20.99	11904	56717	6187	1
232_E11_DAY4	232	E11	SC	DAY4	experiment_1	11907	111717	79802	203426	94.15	203426	54.92	107494	52.84	96.22	75	80624	2.29	2462	20.07	21578	49.15	52835	107494	6621	1
232_E12_DAY4	232	E12	SC	DAY4	experiment_1	62515	333681	182353	578549	89.19	578549	57.68	129817	22.44	38.9	55.38	71888	12.84	16667	29.89	38798	31.56	40972	129817	3649	1
232_E2_DAY4	232	E2	SC	DAY4	experiment_1	6079	132034	61419	199532	96.95	199532	66.17	125745	63.02	95.24	79.22	99613	2.79	3513	16.26	20444	33.84	42554	125745	7052	1
232_E3_DAY4	232	E3	SC	DAY4	experiment_1	5770	148405	58893	213068	97.29	213068	69.65	115531	54.22	77.85	86.17	99551	2.4	2767	9.53	11015	20.99	24248	115531	7076	1
232_E4_DAY4	232	E4	SC	DAY4	experiment_1	2054	21236	14801	38091	94.61	38091	55.75	19833	52.07	93.39	83.71	16603	1.77	351	10.75	2132	21.41	4247	19833	4417	1
232_E5_DAY4	232	E5	SC	DAY4	experiment_1	669	630	163	1462	54.24	1462	43.09	33	2.26	5.24	75.76	25	18.18	6	0	0	0	0	33	31	1
232_E6_DAY4	232	E6	SC	DAY4	experiment_1	1822	20886	12920	35628	94.89	35628	58.62	19175	53.82	91.81	83.5	16012	1.74	334	11.56	2217	25	4794	19175	4116	1
232_E7_DAY4	232	E7	SC	DAY4	experiment_1	9944	51942	42423	104309	90.47	104309	49.8	34412	32.99	66.25	30.44	10475	6.53	2247	62.03	21346	67.68	23291	34412	1007	1
232_E8_DAY4	232	E8	SC	DAY4	experiment_1	2544	23032	16791	42367	94	42367	54.36	22581	53.3	98.04	85.59	19327	2.16	488	8.79	1985	21.49	4852	22581	4389	1
232_E9_DAY4	232	E9	SC	DAY4	experiment_1	2915	27004	17587	47506	93.86	47506	56.84	25001	52.63	92.58	84.43	21108	2.37	593	10.04	2511	25.94	6485	25001	4754	1
232_F1_DAY4	232	F1	SC	DAY4	experiment_1	25340	426771	192886	644997	96.07	644997	66.17	308902	47.89	72.38	77.64	239834	2.24	6927	16.95	52353	30.18	93218	308902	7836	1
232_F10_DAY4	232	F10	SC	DAY4	experiment_1	9852	54263	32530	96645	89.81	96645	56.15	39668	41.05	73.1	6.35	2519	0.24	97	92.86	36835	96.01	38085	39668	313	1
232_F11_DAY4	232	F11	SC	DAY4	experiment_1	35713	80631	108606	224950	84.12	224950	35.84	54724	24.33	67.87	21.69	11870	0.62	341	76.67	41957	88.32	48332	54724	984	1
232_F12_DAY4	232	F12	SC	DAY4	experiment_1	22774	450038	262958	735770	96.9	735770	61.17	520136	70.69	115.58	73.4	381766	1.24	6436	23.48	122124	40.51	210692	520136	8054	1
232_F2_DAY4	232	F2	SC	DAY4	experiment_1	4039	75189	32246	111474	96.38	111474	67.45	60900	54.63	81	85.23	51903	3.83	2334	9.12	5552	18.57	11310	60900	5436	1
232_F3_DAY4	232	F3	SC	DAY4	experiment_1	7338	148559	67521	223418	96.72	223418	66.49	126692	56.71	85.28	86.96	110168	2.86	3626	8.11	10273	17.13	21706	126692	6943	1
232_F4_DAY4	232	F4	SC	DAY4	experiment_1	2505	32115	19000	53620	95.33	53620	59.89	33500	62.48	104.31	84.43	28285	1.67	559	11.08	3711	28.02	9387	33500	5039	1
232_F5_DAY4	232	F5	SC	DAY4	experiment_1	76	68	13	157	51.59	157	43.31	5	3.18	7.35	80	4	0	0	0	0	0	0	5	5	1
232_F6_DAY4	232	F6	SC	DAY4	experiment_1	2671	33676	20941	57288	95.34	57288	58.78	32078	55.99	95.25	86.38	27710	1.6	512	9.25	2968	22.6	7251	32078	4901	1
232_F7_DAY4	232	F7	SC	DAY4	experiment_1	5088	49148	35473	89709	94.33	89709	54.79	44683	49.81	90.92	79.2	35387	1.98	884	15.82	7069	29.39	13134	44683	5644	1
232_F8_DAY4	232	F8	SC	DAY4	experiment_1	3596	28410	21008	53014	93.22	53014	53.59	26569	50.12	93.52	84.44	22436	2.18	579	9.54	2534	21.3	5660	26569	4724	1
232_F9_DAY4	232	F9	SC	DAY4	experiment_1	6311	74271	46520	127102	95.03	127102	58.43	70828	55.73	95.36	84.54	59875	1.56	1107	10.92	7732	22.08	15642	70828	6324	1
232_G1_DAY4	232	G1	SC	DAY4	experiment_1	16016	365823	199052	580891	97.24	580891	62.98	396110	68.19	108.28	79.73	315799	2.17	8594	15.74	62343	31.11	123236	396110	8180	1
232_G10_DAY4	232	G10	SC	DAY4	experiment_1	8683	104107	66687	179477	95.16	179477	58.01	102169	56.93	98.14	78.19	79888	1.45	1486	17.36	17738	35.76	36535	102169	7319	1
232_G11_DAY4	232	G11	SC	DAY4	experiment_1	74938	295887	237717	608542	87.69	608542	48.62	207688	34.13	70.19	21.53	44705	3.91	8114	73.82	153312	75.93	157688	207688	2522	1
232_G12_DAY4	232	G12	SC	DAY4	experiment_1	29342	581973	412228	1023543	97.13	1023543	56.86	784787	76.67	134.85	59.97	470616	2.06	16165	35.28	276864	60.48	474655	784787	7686	1
232_G2_DAY4	232	G2	SC	DAY4	experiment_1	14211	269812	166631	450654	96.85	450654	59.87	331156	73.48	122.74	64.46	213463	1.44	4780	32.07	106218	51.85	171703	331156	7038	1
232_G3_DAY4	232	G3	SC	DAY4	experiment_1	2851	52423	30063	85337	96.66	85337	61.43	54202	63.52	103.39	73.53	39855	3.12	1693	21.01	11389	40.39	21891	54202	5654	1
232_G4_DAY4	232	G4	SC	DAY4	experiment_1	17063	17833	38507	73403	76.75	73403	24.29	6901	9.4	38.7	36.42	2513	2.1	145	59.77	4125	66.48	4588	6901	469	1
232_G5_DAY4	232	G5	SC	DAY4	experiment_1	712	109	41	862	17.4	862	12.65	15	1.74	13.76	60	9	13.33	2	6.67	1	6.67	1	15	15	1
232_G6_DAY4	232	G6	SC	DAY4	experiment_1	4110	58386	34705	97201	95.77	97201	60.07	60164	61.9	103.05	85.45	51410	2.28	1372	9.49	5712	27.46	16521	60164	5992	1
232_G7_DAY4	232	G7	SC	DAY4	experiment_1	15874	111665	66948	194487	91.84	194487	57.42	77325	39.76	69.25	37.78	29214	7.46	5767	53.32	41230	62.7	48485	77325	2543	1
232_G8_DAY4	232	G8	SC	DAY4	experiment_1	4703	35367	26240	66310	92.91	66310	53.34	32964	49.71	93.21	83.25	27444	2.75	907	10.68	3519	22.86	7537	32964	4756	1
232_G9_DAY4	232	G9	SC	DAY4	experiment_1	15752	83206	58427	157385	89.99	157385	52.87	79623	50.59	95.69	66.4	52871	2.18	1732	27.81	22143	55.26	44000	79623	3814	1
232_H1_DAY4	232	H1	SC	DAY4	experiment_1	193384	501206	381108	1075698	82.02	1075698	46.59	549200	51.06	109.58	19.32	106080	0.59	3218	78.64	431877	79.87	438669	549200	3137	1
232_H10_MINIBULK_DAY4	232	H10	MINIBULK	DAY4	experiment_1	2977	12491	3990	19458	84.7	19458	64.19	4055	20.84	32.46	81.09	3288	7.6	308	8.36	339	13.37	542	4055	842	1
232_H11_MINIBULK_DAY4	232	H11	MINIBULK	DAY4	experiment_1	33429	322691	233949	590069	94.33	590069	54.69	398210	67.49	123.4	69.67	277448	2.72	10848	24.39	97134	42.2	168041	398210	6017	1
232_H12_MINIBULK_DAY4	232	H12	MINIBULK	DAY4	experiment_1	1	0	0	1	0	1	0	0	0	NA	NA	0	NA	0	NA	0	NA	0	0	0	1
232_H2_DAY4	232	H2	SC	DAY4	experiment_1	42329	432837	378526	853692	95.04	853692	50.7	603727	70.72	139.48	53.25	321457	0.84	5076	43.17	260625	70.22	423940	603727	6476	1
232_H3_DAY4	232	H3	SC	DAY4	experiment_1	17477	408779	221675	647931	97.3	647931	63.09	399619	61.68	97.76	76.93	307411	2.3	9185	18.28	73066	33.83	135195	399619	7961	1
232_H4_DAY4	232	H4	SC	DAY4	experiment_1	23451	373301	243763	640515	96.34	640515	58.28	446717	69.74	119.67	44.41	198401	1.11	4971	53.72	239969	90.17	402807	446717	4509	1
232_H5_DAY4	232	H5	SC	DAY4	experiment_1	2478	6507	1513	10498	76.4	10498	61.98	271	2.58	4.16	70.11	190	15.87	43	0.74	2	1.11	3	271	68	1
232_H6_DAY4	232	H6	SC	DAY4	experiment_1	22547	362699	274157	659403	96.58	659403	55	456627	69.25	125.9	58.64	267761	1.25	5702	37.48	171149	56.3	257070	456627	7047	1
232_H7_DAY4	232	H7	SC	DAY4	experiment_1	75270	438230	362706	876206	91.41	876206	50.01	490037	55.93	111.82	7.14	35002	0.61	2971	92.02	450908	93.12	456325	490037	1552	1
232_H8_DAY4	232	H8	SC	DAY4	experiment_1	12934	222407	147725	383066	96.62	383066	58.06	269454	70.34	121.15	66.38	178869	1.75	4722	29.58	79716	48.83	131568	269454	7544	1
232_H9_DAY4	232	H9	SC	DAY4	experiment_1	24719	340477	245227	610423	95.95	610423	55.78	454256	74.42	133.42	58.49	265685	2.83	12852	36.66	166512	59.88	272001	454256	7472	1
